{
  "advancedEditorSelectedIdentifier" : "ShaderGraphEditorPluginID",
  "openSceneRelativePaths" : [
    "Immersive.usda"
  ],
  "recentIdentifiers" : {
    "AF09ED6F-1707-48FD-8720-65B998362C09" : [

    ]
  },
  "sceneCameraHistory" : {
    "AF09ED6F-1707-48FD-8720-65B998362C09" : [
      {
        "date" : 748355440.020691,
        "title" : "Untitled",
        "transform" : [
          0.9938876,
          1.7732791e-06,
          -0.11039673,
          0,
          -0.047753602,
          0.9016104,
          -0.42990512,
          0,
          0.099534065,
          0.43254918,
          0.89609945,
          0,
          0.54965144,
          0.14404309,
          0.32297623,
          1
        ]
      },
      {
        "date" : 748355352.746236,
        "title" : "Untitled",
        "transform" : [
          0.9938876,
          1.7732791e-06,
          -0.11039673,
          0,
          -0.047753602,
          0.9016104,
          -0.42990512,
          0,
          0.099534065,
          0.43254918,
          0.89609945,
          0,
          0.5844629,
          0.11081353,
          0.2484683,
          1
        ]
      },
      {
        "date" : 748355331.550748,
        "title" : "Untitled",
        "transform" : [
          0.9938876,
          1.7732791e-06,
          -0.11039673,
          0,
          -0.047753602,
          0.9016104,
          -0.42990512,
          0,
          0.099534065,
          0.43254918,
          0.89609945,
          0,
          0.26223463,
          0.41839898,
          0.9381425,
          1
        ]
      },
      {
        "date" : 748355271.500952,
        "title" : "Untitled",
        "transform" : [
          0.99388754,
          1.7739086e-06,
          -0.11039673,
          0,
          -0.04775358,
          0.90161043,
          -0.42990515,
          0,
          0.0995341,
          0.43254915,
          0.89609957,
          0,
          0.61083907,
          0.2868458,
          0.21423161,
          1
        ]
      },
      {
        "date" : 748355157.331233,
        "title" : "Untitled",
        "transform" : [
          0.98338354,
          1.7758992e-06,
          -0.18153998,
          0,
          -0.034448087,
          0.98183334,
          -0.18659233,
          0,
          0.17824173,
          0.18974546,
          0.96551883,
          0,
          0.6836764,
          0.024955884,
          0.20744441,
          1
        ]
      },
      {
        "date" : 748355096.550382,
        "title" : "Untitled",
        "transform" : [
          0.9330481,
          1.7706482e-06,
          -0.35975146,
          0,
          -0.19748762,
          0.835854,
          -0.51219803,
          0,
          0.30069882,
          0.5489518,
          0.77989227,
          0,
          0.71420753,
          0.10603681,
          0.19611852,
          1
        ]
      },
      {
        "date" : 748354955.249491,
        "title" : "Untitled",
        "transform" : [
          0.9800501,
          1.7705951e-06,
          -0.1987512,
          0,
          -0.06512807,
          0.9447893,
          -0.32114074,
          0,
          0.18777747,
          0.32767826,
          0.9259409,
          0,
          0.6852606,
          0.056822553,
          0.21547653,
          1
        ]
      },
      {
        "date" : 748354949.477485,
        "title" : "Untitled",
        "transform" : [
          0.9342503,
          1.7700085e-06,
          -0.35661817,
          0,
          -0.16415404,
          0.88776153,
          -0.4300381,
          0,
          0.31659117,
          0.46030346,
          0.8293918,
          0,
          0.7170752,
          0.08620022,
          0.20540021,
          1
        ]
      },
      {
        "date" : 748354946.177012,
        "title" : "Untitled",
        "transform" : [
          0.909639,
          1.7684275e-06,
          -0.41539976,
          0,
          -0.2329755,
          0.82792187,
          -0.51016444,
          0,
          0.3439177,
          0.56084335,
          0.75311047,
          0,
          0.7253796,
          0.10871182,
          0.19354092,
          1
        ]
      },
      {
        "date" : 748354913.26953,
        "title" : "Untitled",
        "transform" : [
          0.98871934,
          1.7671748e-06,
          0.14977998,
          0,
          0.0944596,
          0.7760555,
          -0.6235505,
          0,
          -0.116238646,
          0.6306645,
          0.7673011,
          0,
          0.616998,
          0.12449493,
          0.16556737,
          1
        ]
      }
    ]
  },
  "sceneViewportBackgroundColors" : {

  }
}