{
  "advancedEditorSelectedIdentifier" : "ProjectBrowser",
  "openSceneRelativePaths" : [
    "Immersive.usda"
  ],
  "recentIdentifiers" : {
    "AF09ED6F-1707-48FD-8720-65B998362C09" : [

    ]
  },
  "sceneCameraHistory" : {
    "AF09ED6F-1707-48FD-8720-65B998362C09" : [
      {
        "date" : 741668269.641456,
        "title" : "Untitled",
        "transform" : [
          0.99603456,
          1.3025137e-10,
          -0.088966794,
          0,
          -0.018013772,
          0.97928685,
          -0.20167463,
          0,
          0.08712401,
          0.20247757,
          0.9754036,
          0,
          0.020021765,
          0.057583388,
          0.22732326,
          1
        ]
      },
      {
        "date" : 741668246.481699,
        "title" : "Untitled",
        "transform" : [
          0.99603456,
          1.3025137e-10,
          -0.088966794,
          0,
          -0.018013772,
          0.97928685,
          -0.20167463,
          0,
          0.08712401,
          0.20247757,
          0.9754036,
          0,
          0.032036,
          0.092136815,
          0.36373058,
          1
        ]
      },
      {
        "date" : 741668185.778567,
        "title" : "Untitled",
        "transform" : [
          0.99603456,
          1.3025137e-10,
          -0.088966794,
          0,
          -0.018013772,
          0.97928685,
          -0.20167463,
          0,
          0.08712401,
          0.20247757,
          0.9754036,
          0,
          0.02896127,
          0.08329378,
          0.32882068,
          1
        ]
      },
      {
        "date" : 741668175.437324,
        "title" : "Untitled",
        "transform" : [
          1,
          0,
          -0,
          0,
          -0,
          0.7071069,
          -0.7071067,
          0,
          0,
          0.7071067,
          0.7071069,
          0,
          -0.00040769577,
          0.2509191,
          0.23008496,
          1
        ]
      },
      {
        "date" : 741667386.59166,
        "title" : "Untitled",
        "transform" : [
          1,
          0,
          -0,
          0,
          -0,
          0.7071069,
          -0.7071067,
          0,
          0,
          0.7071067,
          0.7071069,
          0,
          0,
          2.1999671,
          -0.8000328,
          1
        ]
      },
      {
        "date" : 741666839.295995,
        "title" : "Untitled",
        "transform" : [
          1,
          0,
          -0,
          0,
          -0,
          0.7071069,
          -0.7071067,
          0,
          0,
          0.7071067,
          0.7071069,
          0,
          -0.5000001,
          1.6999942,
          -1.3000057,
          1
        ]
      }
    ]
  },
  "sceneViewportBackgroundColors" : {

  }
}