{
  "advancedEditorSelectedIdentifier" : "ProjectBrowser",
  "openSceneRelativePaths" : [
    "Immersive.usda",
    "PlanePrefab.usda",
    "CloudPrefab.usda"
  ],
  "recentIdentifiers" : {

  },
  "sceneCameraHistory" : {
    "57B3D47E-1784-4C03-A46D-BC791C4B3A4B" : [
      {
        "date" : 777566205.065165,
        "title" : "Untitled",
        "transform" : [
          0.28219914,
          2.7605171e-09,
          0.95935583,
          0,
          0.2999621,
          0.94986165,
          -0.08823519,
          0,
          -0.9112553,
          0.3126704,
          0.26805013,
          0,
          -8.814008,
          3.0242677,
          2.5926828,
          1
        ]
      },
      {
        "date" : 777566199.892759,
        "title" : "Untitled",
        "transform" : [
          0.34538588,
          1.4513866e-09,
          0.93846065,
          0,
          0.15009087,
          0.98712784,
          -0.055238497,
          0,
          -0.92638075,
          0.1599331,
          0.34094003,
          0,
          -8.960308,
          1.5469341,
          3.2977016,
          1
        ]
      },
      {
        "date" : 777566191.015513,
        "title" : "Untitled",
        "transform" : [
          0.8663434,
          6.48694e-10,
          0.499449,
          0,
          0.34328502,
          0.72634774,
          -0.5954614,
          0,
          -0.36277363,
          0.68732744,
          0.62926644,
          0,
          -3.5088854,
          6.6480937,
          6.086505,
          1
        ]
      },
      {
        "date" : 777566189.481473,
        "title" : "Untitled",
        "transform" : [
          0.9509244,
          -1.5103858e-09,
          0.30942342,
          0,
          0.23282106,
          0.6586664,
          -0.71550894,
          0,
          -0.20380677,
          0.7524352,
          0.6263419,
          0,
          -1.9712967,
          7.2778406,
          6.058217,
          1
        ]
      },
      {
        "date" : 777566103.794132,
        "title" : "Untitled",
        "transform" : [
          1,
          0,
          0,
          0,
          0,
          0.7071069,
          -0.70710677,
          0,
          0,
          0.70710677,
          0.7071069,
          0,
          0,
          6.8394065,
          6.8394065,
          1
        ]
      }
    ],
    "C7DA9526-F824-463E-8557-3CBE61B7C4E8" : [
      {
        "date" : 777570923.692583,
        "title" : "Untitled",
        "transform" : [
          0.90360355,
          8.5206535e-09,
          0.4283698,
          0,
          0.17474817,
          0.9130098,
          -0.368614,
          0,
          -0.39110583,
          0.40793768,
          0.8249989,
          0,
          -0.43394458,
          0.5614092,
          0.67410594,
          1
        ]
      },
      {
        "date" : 777569241.681506,
        "title" : "Untitled",
        "transform" : [
          0.90360355,
          8.5206535e-09,
          0.4283698,
          0,
          0.17474817,
          0.9130098,
          -0.368614,
          0,
          -0.39110583,
          0.40793768,
          0.8249989,
          0,
          -2.6365478,
          3.410993,
          4.095713,
          1
        ]
      },
      {
        "date" : 777569233.379315,
        "title" : "Untitled",
        "transform" : [
          1,
          0,
          0,
          0,
          0,
          0.7071069,
          -0.70710677,
          0,
          0,
          0.70710677,
          0.7071069,
          0,
          -0.62791413,
          4.9111404,
          3.2935617,
          1
        ]
      },
      {
        "date" : 777569110.841442,
        "title" : "Untitled",
        "transform" : [
          1,
          0,
          0,
          0,
          0,
          0.7071069,
          -0.70710677,
          0,
          0,
          0.70710677,
          0.7071069,
          0,
          -0.542077,
          4.2397776,
          2.8433254,
          1
        ]
      }
    ]
  },
  "sceneViewportBackgroundColors" : {

  },
  "selectedSceneRelativePath" : "CloudPrefab.usda"
}